Ti Density=4.54 Thickness=0.2 microns
 Photon Energy (eV), Transmission
    10.000      0.55262E-05
    19.980      0.11825E-03
    29.960      0.28315E-01
    39.940      0.48054E-10
    49.920      0.60945E-12
    59.900      0.94965E-03
    69.880      0.33120E-01
    79.860      0.62063E-01
    89.840      0.68652E-01
    99.820      0.83245E-01
    109.80      0.98819E-01
    119.78      0.11488    
    129.76      0.12563    
    139.74      0.13574    
    149.72      0.15146    
    159.70      0.16691    
    169.68      0.18683    
    179.66      0.20963    
    189.64      0.23106    
    199.62      0.25268    
    209.60      0.28025    
    219.58      0.30823    
    229.56      0.33888    
    239.54      0.36702    
    249.52      0.39101    
    259.50      0.41458    
    269.48      0.43913    
    279.46      0.46261    
    289.44      0.48516    
    299.42      0.50657    
    309.40      0.52692    
    319.38      0.54643    
    329.36      0.56493    
    339.34      0.58246    
    349.32      0.59906    
    359.30      0.61700    
    369.28      0.63581    
    379.26      0.65350    
    389.24      0.66916    
    399.22      0.68163    
    409.20      0.69390    
    419.18      0.70554    
    429.16      0.71658    
    439.14      0.72705    
    449.12      0.73697    
    459.10      0.68308E-01
    469.08      0.77152E-01
    479.06      0.86454E-01
    489.04      0.96179E-01
    499.02      0.10629    
    509.00      0.11674    
    518.98      0.12750    
    528.96      0.13854    
    538.94      0.14980    
    548.92      0.16126    
    558.90      0.16563    
    568.88      0.16271    
    578.86      0.15881    
    588.84      0.16368    
    598.82      0.17483    
    608.80      0.18609    
    618.78      0.19745    
    628.76      0.20891    
    638.74      0.22064    
    648.72      0.23269    
    658.70      0.24495    
    668.68      0.25722    
    678.66      0.26878    
    688.64      0.27977    
    698.62      0.29054    
    708.60      0.30169    
    718.58      0.31330    
    728.56      0.32509    
    738.54      0.33676    
    748.52      0.34831    
    758.50      0.35973    
    768.48      0.37102    
    778.46      0.38222    
    788.44      0.39332    
    798.42      0.40431    
    808.40      0.41514    
    818.38      0.42579    
    828.36      0.43627    
    838.34      0.44657    
    848.32      0.45672    
    858.30      0.46671    
    868.28      0.47653    
    878.26      0.48618    
    888.24      0.49565    
    898.22      0.50495    
    908.20      0.51406    
    918.18      0.52299    
    928.16      0.53183    
    938.14      0.54057    
    948.12      0.54916    
    958.10      0.55760    
    968.08      0.56587    
    978.06      0.57397    
    988.04      0.58189    
    998.02      0.58965    
    1008.0      0.59723    
    1018.0      0.60464    
    1028.0      0.61187    
    1037.9      0.61897    
    1047.9      0.62595    
    1057.9      0.63284    
    1067.9      0.63958    
    1077.9      0.64617    
    1087.8      0.65262    
    1097.8      0.65893    
    1107.8      0.66509    
    1117.8      0.67112    
    1127.8      0.67702    
    1137.7      0.68278    
    1147.7      0.68843    
    1157.7      0.69394    
    1167.7      0.69933    
    1177.7      0.70461    
    1187.6      0.70977    
    1197.6      0.71481    
    1207.6      0.71975    
    1217.6      0.72458    
    1227.6      0.72930    
    1237.5      0.73394    
    1247.5      0.73848    
    1257.5      0.74295    
    1267.5      0.74733    
    1277.5      0.75163    
    1287.4      0.75585    
    1297.4      0.75999    
    1307.4      0.76403    
    1317.4      0.76799    
    1327.4      0.77186    
    1337.3      0.77564    
    1347.3      0.77935    
    1357.3      0.78298    
    1367.3      0.78653    
    1377.3      0.79001    
    1387.2      0.79341    
    1397.2      0.79674    
    1407.2      0.80000    
    1417.2      0.80319    
    1427.2      0.80632    
    1437.1      0.80938    
    1447.1      0.81238    
    1457.1      0.81532    
    1467.1      0.81820    
    1477.1      0.82104    
    1487.0      0.82381    
    1497.0      0.82656    
    1507.0      0.82928    
    1517.0      0.83194    
    1527.0      0.83456    
    1536.9      0.83712    
    1546.9      0.83963    
    1556.9      0.84209    
    1566.9      0.84450    
    1576.9      0.84687    
    1586.8      0.84918    
    1596.8      0.85145    
    1606.8      0.85367    
    1616.8      0.85585    
    1626.8      0.85799    
    1636.7      0.86009    
    1646.7      0.86214    
    1656.7      0.86415    
    1666.7      0.86613    
    1676.7      0.86807    
    1686.6      0.86997    
    1696.6      0.87183    
    1706.6      0.87366    
    1716.6      0.87546    
    1726.6      0.87722    
    1736.5      0.87896    
    1746.5      0.88067    
    1756.5      0.88235    
    1766.5      0.88399    
    1776.5      0.88561    
    1786.4      0.88720    
    1796.4      0.88876    
    1806.4      0.89029    
    1816.4      0.89180    
    1826.4      0.89328    
    1836.3      0.89473    
    1846.3      0.89615    
    1856.3      0.89755    
    1866.3      0.89892    
    1876.3      0.90027    
    1886.2      0.90160    
    1896.2      0.90290    
    1906.2      0.90418    
    1916.2      0.90543    
    1926.2      0.90667    
    1936.1      0.90788    
    1946.1      0.90907    
    1956.1      0.91024    
    1966.1      0.91139    
    1976.1      0.91252    
    1986.0      0.91363    
    1996.0      0.91473    
    2006.0      0.91580    
    2016.0      0.91684    
    2026.0      0.91787    
    2035.9      0.91889    
    2045.9      0.91990    
    2055.9      0.92089    
    2065.9      0.92187    
    2075.9      0.92283    
    2085.8      0.92377    
    2095.8      0.92470    
    2105.8      0.92562    
    2115.8      0.92652    
    2125.8      0.92740    
    2135.7      0.92827    
    2145.7      0.92913    
    2155.7      0.92997    
    2165.7      0.93080    
    2175.7      0.93162    
    2185.6      0.93242    
    2195.6      0.93321    
    2205.6      0.93399    
    2215.6      0.93476    
    2225.6      0.93551    
    2235.5      0.93626    
    2245.5      0.93699    
    2255.5      0.93771    
    2265.5      0.93842    
    2275.5      0.93912    
    2285.4      0.93981    
    2295.4      0.94049    
    2305.4      0.94115    
    2315.4      0.94181    
    2325.4      0.94246    
    2335.3      0.94310    
    2345.3      0.94373    
    2355.3      0.94435    
    2365.3      0.94496    
    2375.3      0.94556    
    2385.2      0.94615    
    2395.2      0.94674    
    2405.2      0.94731    
    2415.2      0.94788    
    2425.2      0.94844    
    2435.1      0.94899    
    2445.1      0.94954    
    2455.1      0.95007    
    2465.1      0.95060    
    2475.1      0.95112    
    2485.0      0.95163    
    2495.0      0.95214    
    2505.0      0.95264    
    2515.0      0.95313    
    2525.0      0.95362    
    2534.9      0.95409    
    2544.9      0.95457    
    2554.9      0.95503    
    2564.9      0.95549    
    2574.9      0.95594    
    2584.8      0.95639    
    2594.8      0.95683    
    2604.8      0.95727    
    2614.8      0.95769    
    2624.8      0.95812    
    2634.7      0.95853    
    2644.7      0.95895    
    2654.7      0.95935    
    2664.7      0.95975    
    2674.7      0.96015    
    2684.6      0.96054    
    2694.6      0.96092    
    2704.6      0.96130    
    2714.6      0.96168    
    2724.6      0.96205    
    2734.5      0.96241    
    2744.5      0.96277    
    2754.5      0.96313    
    2764.5      0.96348    
    2774.5      0.96383    
    2784.4      0.96417    
    2794.4      0.96451    
    2804.4      0.96484    
    2814.4      0.96517    
    2824.4      0.96550    
    2834.3      0.96582    
    2844.3      0.96614    
    2854.3      0.96645    
    2864.3      0.96676    
    2874.3      0.96707    
    2884.2      0.96737    
    2894.2      0.96767    
    2904.2      0.96796    
    2914.2      0.96825    
    2924.2      0.96854    
    2934.1      0.96882    
    2944.1      0.96910    
    2954.1      0.96938    
    2964.1      0.96965    
    2974.1      0.96993    
    2984.0      0.97019    
    2994.0      0.97046    
    3004.0      0.97072    
    3014.0      0.97097    
    3024.0      0.97123    
    3033.9      0.97148    
    3043.9      0.97173    
    3053.9      0.97198    
    3063.9      0.97222    
    3073.9      0.97246    
    3083.8      0.97270    
    3093.8      0.97293    
    3103.8      0.97316    
    3113.8      0.97339    
    3123.8      0.97362    
    3133.7      0.97384    
    3143.7      0.97406    
    3153.7      0.97428    
    3163.7      0.97450    
    3173.7      0.97471    
    3183.6      0.97492    
    3193.6      0.97513    
    3203.6      0.97534    
    3213.6      0.97554    
    3223.6      0.97575    
    3233.5      0.97595    
    3243.5      0.97614    
    3253.5      0.97634    
    3263.5      0.97653    
    3273.5      0.97672    
    3283.4      0.97691    
    3293.4      0.97710    
    3303.4      0.97728    
    3313.4      0.97747    
    3323.4      0.97765    
    3333.3      0.97783    
    3343.3      0.97800    
    3353.3      0.97818    
    3363.3      0.97835    
    3373.3      0.97852    
    3383.2      0.97869    
    3393.2      0.97886    
    3403.2      0.97903    
    3413.2      0.97919    
    3423.2      0.97935    
    3433.1      0.97951    
    3443.1      0.97967    
    3453.1      0.97983    
    3463.1      0.97999    
    3473.1      0.98014    
    3483.0      0.98029    
    3493.0      0.98044    
    3503.0      0.98059    
    3513.0      0.98074    
    3523.0      0.98089    
    3532.9      0.98103    
    3542.9      0.98118    
    3552.9      0.98132    
    3562.9      0.98146    
    3572.9      0.98160    
    3582.8      0.98174    
    3592.8      0.98187    
    3602.8      0.98201    
    3612.8      0.98214    
    3622.8      0.98227    
    3632.7      0.98240    
    3642.7      0.98253    
    3652.7      0.98266    
    3662.7      0.98279    
    3672.7      0.98291    
    3682.6      0.98304    
    3692.6      0.98316    
    3702.6      0.98328    
    3712.6      0.98341    
    3722.6      0.98352    
    3732.5      0.98364    
    3742.5      0.98376    
    3752.5      0.98388    
    3762.5      0.98399    
    3772.5      0.98411    
    3782.4      0.98422    
    3792.4      0.98433    
    3802.4      0.98444    
    3812.4      0.98455    
    3822.4      0.98466    
    3832.3      0.98477    
    3842.3      0.98487    
    3852.3      0.98498    
    3862.3      0.98508    
    3872.3      0.98519    
    3882.2      0.98529    
    3892.2      0.98539    
    3902.2      0.98549    
    3912.2      0.98559    
    3922.2      0.98569    
    3932.1      0.98579    
    3942.1      0.98589    
    3952.1      0.98598    
    3962.1      0.98608    
    3972.1      0.98617    
    3982.0      0.98627    
    3992.0      0.98636    
    4002.0      0.98645    
    4012.0      0.98654    
    4022.0      0.98663    
    4031.9      0.98672    
    4041.9      0.98681    
    4051.9      0.98690    
    4061.9      0.98699    
    4071.9      0.98707    
    4081.8      0.98716    
    4091.8      0.98724    
    4101.8      0.98733    
    4111.8      0.98741    
    4121.8      0.98749    
    4131.7      0.98757    
    4141.7      0.98765    
    4151.7      0.98773    
    4161.7      0.98781    
    4171.7      0.98789    
    4181.6      0.98797    
    4191.6      0.98805    
    4201.6      0.98813    
    4211.6      0.98820    
    4221.6      0.98828    
    4231.5      0.98835    
    4241.5      0.98843    
    4251.5      0.98850    
    4261.5      0.98857    
    4271.5      0.98864    
    4281.4      0.98872    
    4291.4      0.98879    
    4301.4      0.98886    
    4311.4      0.98893    
    4321.4      0.98900    
    4331.3      0.98907    
    4341.3      0.98913    
    4351.3      0.98920    
    4361.3      0.98927    
    4371.3      0.98934    
    4381.2      0.98940    
    4391.2      0.98947    
    4401.2      0.98953    
    4411.2      0.98960    
    4421.2      0.98966    
    4431.1      0.98972    
    4441.1      0.98979    
    4451.1      0.98985    
    4461.1      0.98991    
    4471.1      0.98997    
    4481.0      0.99003    
    4491.0      0.99009    
    4501.0      0.99015    
    4511.0      0.99021    
    4521.0      0.99027    
    4530.9      0.99033    
    4540.9      0.99038    
    4550.9      0.99044    
    4560.9      0.99050    
    4570.9      0.99056    
    4580.8      0.99061    
    4590.8      0.99067    
    4600.8      0.99072    
    4610.8      0.99078    
    4620.8      0.99083    
    4630.7      0.99088    
    4640.7      0.99094    
    4650.7      0.99099    
    4660.7      0.99104    
    4670.7      0.99110    
    4680.6      0.99115    
    4690.6      0.99120    
    4700.6      0.99125    
    4710.6      0.99130    
    4720.6      0.99135    
    4730.5      0.99140    
    4740.5      0.99145    
    4750.5      0.99150    
    4760.5      0.99155    
    4770.5      0.99159    
    4780.4      0.99164    
    4790.4      0.99169    
    4800.4      0.99174    
    4810.4      0.99178    
    4820.4      0.99183    
    4830.3      0.99188    
    4840.3      0.99192    
    4850.3      0.99197    
    4860.3      0.99201    
    4870.3      0.99206    
    4880.2      0.99210    
    4890.2      0.99214    
    4900.2      0.99219    
    4910.2      0.99223    
    4920.2      0.99227    
    4930.1      0.99232    
    4940.1      0.99236    
    4950.1      0.99240    
    4960.1      0.99244    
    4970.1      0.93729    
    4980.0      0.93759    
    4990.0      0.93789    
    5000.0      0.93818    
